20 <- 10 -> 30
40 <- 20 -> 50
. <- 40 -> .
70 <- 50 -> .
. <- 70 -> .
60 <- 30 -> .
. <- 60 -> 80
. <- 80 -> .
